100
1 2 2
1000000000
1000000000 1000000000
1 1 1
999999900
999999901
1 1 1
999999900
999999902
1 1 1
999999900
999999903
1 1 1
999999900
999999904
1 1 1
999999900
999999905
1 1 1
999999900
999999906
1 1 1
999999900
999999907
1 1 1
999999900
999999908
1 1 1
999999900
999999909
1 1 1
999999901
999999900
1 1 1
999999901
999999901
1 1 1
999999901
999999902
1 1 1
999999901
999999903
1 1 1
999999901
999999904
1 1 1
999999901
999999905
1 1 1
999999901
999999906
1 1 1
999999901
999999907
1 1 1
999999901
999999908
1 1 1
999999901
999999909
1 1 1
999999902
999999900
1 1 1
999999902
999999901
1 1 1
999999902
999999902
1 1 1
999999902
999999903
1 1 1
999999902
999999904
1 1 1
999999902
999999905
1 1 1
999999902
999999906
1 1 1
999999902
999999907
1 1 1
999999902
999999908
1 1 1
999999902
999999909
1 1 1
999999903
999999900
1 1 1
999999903
999999901
1 1 1
999999903
999999902
1 1 1
999999903
999999903
1 1 1
999999903
999999904
1 1 1
999999903
999999905
1 1 1
999999903
999999906
1 1 1
999999903
999999907
1 1 1
999999903
999999908
1 1 1
999999903
999999909
1 1 1
999999904
999999900
1 1 1
999999904
999999901
1 1 1
999999904
999999902
1 1 1
999999904
999999903
1 1 1
999999904
999999904
1 1 1
999999904
999999905
1 1 1
999999904
999999906
1 1 1
999999904
999999907
1 1 1
999999904
999999908
1 1 1
999999904
999999909
1 1 1
999999905
999999900
1 1 1
999999905
999999901
1 1 1
999999905
999999902
1 1 1
999999905
999999903
1 1 1
999999905
999999904
1 1 1
999999905
999999905
1 1 1
999999905
999999906
1 1 1
999999905
999999907
1 1 1
999999905
999999908
1 1 1
999999905
999999909
1 1 1
999999906
999999900
1 1 1
999999906
999999901
1 1 1
999999906
999999902
1 1 1
999999906
999999903
1 1 1
999999906
999999904
1 1 1
999999906
999999905
1 1 1
999999906
999999906
1 1 1
999999906
999999907
1 1 1
999999906
999999908
1 1 1
999999906
999999909
1 1 1
999999907
999999900
1 1 1
999999907
999999901
1 1 1
999999907
999999902
1 1 1
999999907
999999903
1 1 1
999999907
999999904
1 1 1
999999907
999999905
1 1 1
999999907
999999906
1 1 1
999999907
999999907
1 1 1
999999907
999999908
1 1 1
999999907
999999909
1 1 1
999999908
999999900
1 1 1
999999908
999999901
1 1 1
999999908
999999902
1 1 1
999999908
999999903
1 1 1
999999908
999999904
1 1 1
999999908
999999905
1 1 1
999999908
999999906
1 1 1
999999908
999999907
1 1 1
999999908
999999908
1 1 1
999999908
999999909
1 1 1
999999909
999999900
1 1 1
999999909
999999901
1 1 1
999999909
999999902
1 1 1
999999909
999999903
1 1 1
999999909
999999904
1 1 1
999999909
999999905
1 1 1
999999909
999999906
1 1 1
999999909
999999907
1 1 1
999999909
999999908
1 1 1
999999909
999999909